   2.1555886e+00
   2.6358475e+00
   3.2496598e+00
   3.5053088e+00
   4.7923011e+00
   5.3730895e+00
   7.5335361e+00
   1.1021504e+01
   1.3776331e+01
   1.6790546e+01
   2.0957171e+01
   2.4837662e+01
   2.6515957e+01
   2.8855469e+01
   3.5099776e+01
   3.6304881e+01
   3.7445709e+01
   4.0598886e+01
   4.1489701e+01
   4.4559410e+01
   4.5002084e+01
   4.7596056e+01
   5.2604042e+01
   5.4472792e+01
   5.5851721e+01
   5.6941548e+01
   6.1584864e+01
   6.3376322e+01
   6.6956209e+01
   7.0587801e+01
   7.2487712e+01
   7.5127146e+01
   7.5941272e+01
   8.2088927e+01
   8.4424377e+01
   8.4665509e+01
   8.5716054e+01
   8.9222973e+01
   9.3824241e+01
   9.6425428e+01
   9.9494421e+01
   1.0019161e+02
   1.0293499e+02
   1.0354056e+02
   1.0925580e+02
   1.1117271e+02
   1.1149976e+02
   1.1423117e+02
   1.1467100e+02
   1.1701480e+02
   1.1817380e+02
   1.2271935e+02
   1.2528789e+02
   1.2635654e+02
   1.2790555e+02
   1.3071943e+02
   1.3334824e+02
   1.3497969e+02
   1.3639611e+02
   1.3695510e+02
   1.3897253e+02
   1.4070174e+02
   1.4125318e+02
   1.4293704e+02
   1.4669109e+02
   1.4844486e+02
   1.4936862e+02
   1.5075834e+02
   1.5222483e+02
   1.5798931e+02
   1.6376543e+02
   1.6523986e+02
   1.6946792e+02
   1.7383836e+02
   1.7453465e+02
   1.7568781e+02
   1.7782705e+02
   1.7942354e+02
   1.8390398e+02
   1.8529247e+02
   1.8620589e+02
   1.8831822e+02
   1.8932774e+02
   1.8959185e+02
   1.9233058e+02
   1.9437768e+02
   1.9653996e+02
   1.9918328e+02
   2.0177929e+02
   2.0558682e+02
   2.1188940e+02
   2.1252566e+02
   2.1443993e+02
   2.1641022e+02
   2.2073190e+02
   2.2220769e+02
   2.2473761e+02
   2.2692886e+02
   2.2733463e+02
   2.2939553e+02
   2.3052933e+02
   2.3133315e+02
   2.3561083e+02
   2.3825470e+02
   2.4120539e+02
   2.4693206e+02
   2.4947429e+02
   2.5116140e+02
   2.5173779e+02
   2.5509148e+02
   2.5637223e+02
   2.5754221e+02
   2.5909624e+02
   2.6142370e+02
   2.6504458e+02
   2.6633955e+02
   2.6937822e+02
   2.7185540e+02
   2.7592104e+02
   2.8371832e+02
   2.8537588e+02
   2.8672468e+02
   2.8710973e+02
   2.8903627e+02
   2.9439192e+02
   2.9804193e+02
   3.0194186e+02
   3.0255069e+02
   3.0427522e+02
   3.0633683e+02
   3.1064749e+02
   3.1268671e+02
   3.1438155e+02
   3.1590805e+02
   3.1854119e+02
   3.2000583e+02
   3.2050551e+02
   3.2195038e+02
   3.2404415e+02
   3.2506878e+02
   3.2839129e+02
   3.3130920e+02
   3.3260437e+02
   3.3350414e+02
   3.3484769e+02
   3.3577722e+02
   3.4127215e+02
   3.4333136e+02
   3.4683261e+02
   3.4891429e+02
   3.5192854e+02
   3.5364605e+02
   3.5811227e+02
   3.5963562e+02
   3.6117006e+02
   3.6193783e+02
   3.6302388e+02
   3.6546868e+02
   3.6588143e+02
   3.6637132e+02
   3.6719926e+02
   3.6939105e+02
   3.7844665e+02
   3.8375225e+02
   3.8550582e+02
   3.8808035e+02
   3.9044068e+02
   3.9223194e+02
   3.9417240e+02
   3.9844427e+02
   4.0200586e+02
   4.0752947e+02
   4.0862667e+02
   4.1250504e+02
   4.1557472e+02
   4.1647303e+02
   4.1699582e+02
   4.1763904e+02
   4.2129731e+02
   4.2244542e+02
   4.2626442e+02
   4.2844585e+02
   4.2932247e+02
   4.3046916e+02
   4.3278950e+02
   4.3511846e+02
   4.3644651e+02
   4.3907055e+02
   4.4021618e+02
   4.4048771e+02
   4.4245959e+02
   4.4438646e+02
   4.4668717e+02
   4.5045361e+02
   4.5282142e+02
   4.5467160e+02
   4.5805237e+02
   4.5920598e+02
   4.5989801e+02
   4.6245249e+02
   4.6460730e+02
   4.6533395e+02
   4.6718375e+02
   4.7037408e+02
   4.7209916e+02
   4.7434371e+02
   4.7918810e+02
   4.8550855e+02
   4.8758206e+02
   4.9178887e+02
   4.9331598e+02
   4.9748000e+02
   5.0580516e+02
   5.0866799e+02
   5.1369610e+02
   5.1511954e+02
   5.1866590e+02
   5.2109354e+02
   5.2229670e+02
   5.2329384e+02
   5.2617879e+02
   5.2824399e+02
   5.3125992e+02
   5.3267400e+02
   5.3506310e+02
   5.3656907e+02
   5.4031867e+02
   5.4115907e+02
   5.4892485e+02
   5.5002232e+02
   5.5256659e+02
   5.5291997e+02
   5.5484532e+02
   5.5735315e+02
   5.5882692e+02
   5.6447790e+02
   5.6590142e+02
   5.6938189e+02
   5.7422005e+02
   5.7672032e+02
   5.7957591e+02
   5.8575568e+02
   5.8799926e+02
   5.9005148e+02
   5.9194717e+02
   5.9446961e+02
   5.9481494e+02
   5.9960487e+02
   6.0092095e+02
   6.0482749e+02
   6.0848285e+02
   6.0967473e+02
   6.1054206e+02
   6.1334802e+02
   6.1835928e+02
   6.1927084e+02
   6.2419440e+02
   6.2429709e+02
   6.2685219e+02
   6.3172739e+02
   6.3831930e+02
   6.4142482e+02
   6.4619039e+02
   6.4855609e+02
   6.5117581e+02
   6.5400081e+02
   6.5528896e+02
   6.6135028e+02
   6.6179465e+02
   6.6481979e+02
   6.6735747e+02
   6.6842343e+02
   6.6926405e+02
   6.7069119e+02
   6.7291447e+02
   6.7623987e+02
   6.7697528e+02
   6.7968602e+02
   6.8078081e+02
   6.8368415e+02
   6.8525737e+02
   6.8685958e+02
   6.9046769e+02
   6.9131990e+02
   6.9552191e+02
   6.9700496e+02
   6.9969145e+02
   7.0449233e+02
   7.0888511e+02
   7.1186032e+02
   7.1456032e+02
   7.1508179e+02
   7.1527635e+02
   7.1828635e+02
   7.2385359e+02
   7.2818756e+02
   7.3038653e+02
   7.3508870e+02
   7.3799130e+02
   7.4111780e+02
   7.4227604e+02
   7.4344125e+02
   7.4909764e+02
   7.5077314e+02
   7.5543414e+02
   7.5826239e+02
   7.6031909e+02
   7.6131075e+02
   7.6247977e+02
   7.6487818e+02
   7.6639974e+02
   7.6877946e+02
   7.7002984e+02
   7.7371788e+02
   7.7461599e+02
   7.7520970e+02
   7.7584495e+02
   7.8159418e+02
   7.8324987e+02
   7.8385077e+02
   7.9128246e+02
   7.9203052e+02
   7.9433196e+02
   7.9552742e+02
   7.9775864e+02
   8.0073604e+02
   8.0156722e+02
   8.0234775e+02
   8.0394513e+02
   8.0489303e+02
   8.0669117e+02
   8.0975693e+02
   8.1321220e+02
   8.1577681e+02
   8.1718201e+02
   8.1900006e+02
   8.1999673e+02
   8.2162541e+02
   8.2446768e+02
   8.2781732e+02
   8.2953932e+02
   8.3312501e+02
   8.3598233e+02
   8.4579908e+02
   8.5232205e+02
   8.5341061e+02
   8.5680294e+02
   8.5760210e+02
   8.5970949e+02
   8.6398345e+02
   8.6670593e+02
   8.6742461e+02
   8.6934377e+02
   8.7166308e+02
   8.7256445e+02
   8.7314657e+02
   8.7440976e+02
   8.7703437e+02
   8.7762335e+02
   8.7892536e+02
   8.8541192e+02
   8.8642329e+02
   8.8802328e+02
   8.8976094e+02
   8.9170097e+02
   8.9219488e+02
   8.9561318e+02
   8.9571561e+02
   8.9710939e+02
   8.9821609e+02
   8.9954001e+02
   9.0176606e+02
   9.0381668e+02
   9.0650522e+02
   9.0891822e+02
   9.1125494e+02
   9.1424057e+02
   9.1626360e+02
   9.1810048e+02
   9.2097065e+02
   9.2275570e+02
   9.2936167e+02
   9.3175259e+02
   9.3521854e+02
   9.3900069e+02
   9.4216611e+02
   9.4403248e+02
   9.4798886e+02
   9.5168631e+02
   9.5394352e+02
   9.5550417e+02
   9.5576524e+02
   9.5857897e+02
   9.6023052e+02
   9.6112349e+02
   9.6496322e+02
   9.6630411e+02
   9.6715009e+02
   9.7058281e+02
   9.7190869e+02
   9.7692729e+02
   9.7851017e+02
   9.7978729e+02
   9.8256514e+02
   9.8814078e+02
   9.9252131e+02
   9.9567851e+02
   9.9775882e+02
   9.9848121e+02
   1.0003911e+03
   1.0062282e+03
   1.0091273e+03
   1.0143249e+03
   1.0182754e+03
   1.0194179e+03
   1.0208660e+03
   1.0243945e+03
   1.0347341e+03
   1.0371447e+03
   1.0385084e+03
   1.0400111e+03
   1.0426456e+03
   1.0450145e+03
   1.0478481e+03
   1.0482559e+03
   1.0553017e+03
   1.0587763e+03
   1.0613488e+03
   1.0630823e+03
   1.0661185e+03
   1.0664353e+03
   1.0689295e+03
   1.0715375e+03
   1.0751880e+03
   1.0768824e+03
   1.0794677e+03
   1.0823667e+03
   1.0840771e+03
   1.0890780e+03
   1.0958396e+03
   1.1005014e+03
   1.1028156e+03
   1.1040442e+03
   1.1081195e+03
   1.1126671e+03
   1.1137181e+03
   1.1157712e+03
   1.1180613e+03
   1.1187308e+03
   1.1243337e+03
   1.1253583e+03
   1.1266600e+03
   1.1285906e+03
   1.1323949e+03
   1.1343404e+03
   1.1380646e+03
   1.1424182e+03
   1.1450882e+03
   1.1464300e+03
   1.1490581e+03
   1.1510341e+03
   1.1539667e+03
   1.1575517e+03
   1.1599106e+03
   1.1609233e+03
   1.1629956e+03
   1.1690480e+03
   1.1710917e+03
   1.1726711e+03
   1.1733442e+03
   1.1811202e+03
   1.1861881e+03
   1.1890468e+03
   1.1909821e+03
   1.1911350e+03
   1.1952016e+03
   1.1972842e+03
   1.1993672e+03
   1.2016641e+03
   1.2037705e+03
   1.2054011e+03
   1.2074149e+03
   1.2127421e+03
   1.2168526e+03
   1.2182425e+03
   1.2225166e+03
   1.2248690e+03
   1.2285738e+03
   1.2298355e+03
   1.2349599e+03
   1.2375791e+03
   1.2389816e+03
   1.2409193e+03
   1.2416324e+03
   1.2427585e+03
   1.2441306e+03
   1.2487541e+03
   1.2526103e+03
   1.2550507e+03
   1.2561469e+03
   1.2569461e+03
   1.2587704e+03
   1.2644818e+03
   1.2688196e+03
   1.2740360e+03
   1.2754491e+03
   1.2766830e+03
   1.2783032e+03
   1.2865266e+03
   1.2892290e+03
   1.2941503e+03
   1.2991444e+03
   1.3024455e+03
   1.3067202e+03
   1.3095963e+03
   1.3110845e+03
   1.3135166e+03
   1.3146238e+03
   1.3198551e+03
   1.3210137e+03
   1.3225111e+03
   1.3238373e+03
   1.3248780e+03
   1.3282321e+03
   1.3286720e+03
   1.3306678e+03
   1.3366855e+03
   1.3429036e+03
   1.3462812e+03
   1.3485972e+03
   1.3525793e+03
   1.3560192e+03
   1.3578562e+03
   1.3600570e+03
   1.3622670e+03
   1.3654194e+03
   1.3667238e+03
   1.3688179e+03
   1.3707550e+03
   1.3712515e+03
   1.3733653e+03
   1.3754153e+03
   1.3766120e+03
   1.3807756e+03
   1.3832441e+03
   1.3880473e+03
   1.3918630e+03
   1.3927932e+03
   1.3943457e+03
   1.3985452e+03
   1.4029221e+03
   1.4053119e+03
   1.4064046e+03
   1.4080398e+03
   1.4097819e+03
   1.4117103e+03
   1.4128788e+03
   1.4181834e+03
   1.4185749e+03
   1.4240955e+03
   1.4253121e+03
   1.4284547e+03
   1.4304080e+03
   1.4319357e+03
   1.4334994e+03
   1.4342999e+03
   1.4365844e+03
   1.4376826e+03
   1.4383355e+03
   1.4410553e+03
   1.4443551e+03
   1.4488965e+03
   1.4500686e+03
   1.4505227e+03
   1.4512362e+03
   1.4550351e+03
   1.4570712e+03
   1.4591640e+03
   1.4607846e+03
   1.4636046e+03
   1.4665573e+03
   1.4685394e+03
   1.4740588e+03
   1.4760529e+03
   1.4786051e+03
   1.4787235e+03
   1.4807290e+03
   1.4821200e+03
   1.4887952e+03
   1.4920540e+03
   1.4929904e+03
   1.4948087e+03
   1.5005411e+03
   1.5022416e+03
   1.5056562e+03
   1.5067909e+03
   1.5136079e+03
   1.5170205e+03
   1.5200114e+03
   1.5225710e+03
   1.5249090e+03
   1.5264078e+03
   1.5353536e+03
   1.5362909e+03
   1.5373080e+03
   1.5381024e+03
   1.5408134e+03
   1.5433116e+03
   1.5468402e+03
   1.5476363e+03
   1.5506762e+03
   1.5533142e+03
   1.5560295e+03
   1.5580676e+03
   1.5629844e+03
   1.5643712e+03
   1.5691439e+03
   1.5721177e+03
   1.5749902e+03
   1.5763057e+03
   1.5776589e+03
   1.5838882e+03
   1.5857476e+03
   1.5898559e+03
   1.5920007e+03
   1.5948238e+03
   1.5972906e+03
   1.5984467e+03
   1.6045043e+03
   1.6062870e+03
   1.6075658e+03
   1.6106106e+03
   1.6135725e+03
   1.6162772e+03
   1.6164554e+03
   1.6179069e+03
   1.6221725e+03
   1.6235252e+03
   1.6259721e+03
   1.6286707e+03
   1.6324014e+03
   1.6346593e+03
   1.6361295e+03
   1.6377378e+03
   1.6384975e+03
   1.6402082e+03
   1.6439541e+03
   1.6454894e+03
   1.6485686e+03
   1.6510363e+03
   1.6532481e+03
   1.6541038e+03
   1.6561663e+03
   1.6581737e+03
   1.6603711e+03
   1.6638214e+03
   1.6642926e+03
   1.6658027e+03
   1.6698101e+03
   1.6724145e+03
   1.6754896e+03
   1.6764778e+03
   1.6793192e+03
   1.6804255e+03
   1.6836824e+03
   1.6848726e+03
   1.6879005e+03
   1.6889573e+03
   1.6912752e+03
   1.6975373e+03
   1.7004450e+03
   1.7052294e+03
   1.7086946e+03
   1.7116136e+03
   1.7142635e+03
   1.7188318e+03
   1.7208946e+03
   1.7233707e+03
   1.7245990e+03
   1.7264591e+03
   1.7293754e+03
   1.7303519e+03
   1.7312156e+03
   1.7333084e+03
   1.7375994e+03
   1.7397476e+03
   1.7416698e+03
   1.7438414e+03
   1.7450525e+03
   1.7478738e+03
   1.7502485e+03
   1.7513079e+03
   1.7549084e+03
   1.7561385e+03
   1.7577298e+03
   1.7589897e+03
   1.7612832e+03
   1.7636322e+03
   1.7654230e+03
   1.7684094e+03
   1.7693884e+03
   1.7733244e+03
   1.7802521e+03
   1.7864136e+03
   1.7871446e+03
   1.7895810e+03
   1.7909337e+03
   1.7937330e+03
   1.7980855e+03
   1.8021948e+03
   1.8038260e+03
   1.8046528e+03
   1.8133006e+03
   1.8146367e+03
   1.8159397e+03
   1.8162022e+03
   1.8198428e+03
   1.8219690e+03
   1.8240851e+03
   1.8263207e+03
   1.8289928e+03
   1.8370314e+03
   1.8397967e+03
   1.8415990e+03
   1.8444055e+03
   1.8463697e+03
   1.8467661e+03
   1.8503526e+03
   1.8548250e+03
   1.8564418e+03
   1.8576214e+03
   1.8597127e+03
   1.8608757e+03
   1.8625779e+03
   1.8644459e+03
   1.8699251e+03
   1.8745786e+03
   1.8782109e+03
   1.8807112e+03
   1.8861966e+03
   1.8871465e+03
   1.8889678e+03
   1.8924789e+03
   1.8958440e+03
   1.8981562e+03
   1.9002185e+03
   1.9064274e+03
   1.9081471e+03
   1.9107257e+03
   1.9124821e+03
   1.9165457e+03
   1.9186389e+03
   1.9215291e+03
   1.9229364e+03
   1.9257491e+03
   1.9280385e+03
   1.9298181e+03
   1.9323739e+03
   1.9336364e+03
   1.9350418e+03
   1.9375050e+03
   1.9410455e+03
   1.9425848e+03
   1.9438804e+03
   1.9491210e+03
   1.9518191e+03
   1.9554523e+03
   1.9592025e+03
   1.9614087e+03
   1.9647207e+03
   1.9653955e+03
   1.9672797e+03
   1.9691979e+03
   1.9706268e+03
   1.9717405e+03
   1.9742764e+03
   1.9762321e+03
   1.9820899e+03
   1.9870099e+03
   1.9878261e+03
   1.9892826e+03
   1.9914362e+03
   1.9922602e+03
   1.9931982e+03
   1.9943715e+03
   1.9956791e+03
   1.9974466e+03
   2.0001540e+03
   2.0050117e+03
   2.0079183e+03
   2.0102104e+03
   2.0139722e+03
   2.0156381e+03
   2.0185103e+03
   2.0216911e+03
   2.0243875e+03
   2.0277310e+03
   2.0290366e+03
   2.0293779e+03
   2.0310896e+03
   2.0358509e+03
   2.0400768e+03
   2.0443719e+03
   2.0469840e+03
   2.0478823e+03
   2.0485626e+03
   2.0494337e+03
   2.0502376e+03
   2.0579780e+03
   2.0592351e+03
   2.0630063e+03
   2.0651054e+03
   2.0699037e+03
   2.0731252e+03
   2.0740672e+03
   2.0765743e+03
   2.0771128e+03
   2.0788635e+03
   2.0805033e+03
   2.0822312e+03
   2.0861409e+03
   2.0877401e+03
   2.0949367e+03
   2.0968654e+03
   2.0991766e+03
   2.1016518e+03
   2.1032450e+03
   2.1042885e+03
   2.1059931e+03
   2.1080780e+03
   2.1105127e+03
   2.1119007e+03
   2.1141642e+03
   2.1150259e+03
   2.1181729e+03
   2.1198407e+03
   2.1213941e+03
   2.1244936e+03
   2.1249792e+03
   2.1259613e+03
   2.1265500e+03
   2.1276715e+03
   2.1304970e+03
   2.1318005e+03
   2.1330882e+03
   2.1349821e+03
   2.1365753e+03
   2.1415783e+03
   2.1448244e+03
   2.1503653e+03
   2.1526941e+03
   2.1531391e+03
   2.1554260e+03
   2.1568768e+03
   2.1616730e+03
   2.1630488e+03
   2.1639510e+03
   2.1651090e+03
   2.1672271e+03
   2.1701865e+03
   2.1728417e+03
   2.1739783e+03
   2.1758333e+03
   2.1794176e+03
   2.1805588e+03
   2.1831148e+03
   2.1865208e+03
   2.1908282e+03
   2.1952781e+03
   2.1967653e+03
   2.1994222e+03
   2.2047381e+03
   2.2072710e+03
   2.2105816e+03
   2.2118168e+03
   2.2137063e+03
   2.2145698e+03
   2.2154048e+03
   2.2176339e+03
   2.2182338e+03
   2.2203863e+03
   2.2230521e+03
   2.2244700e+03
   2.2278815e+03
   2.2292405e+03
   2.2299508e+03
   2.2324072e+03
   2.2333741e+03
   2.2375621e+03
   2.2454549e+03
   2.2471804e+03
   2.2492501e+03
   2.2507065e+03
   2.2527984e+03
   2.2539671e+03
   2.2561257e+03
   2.2601407e+03
   2.2636340e+03
   2.2677261e+03
   2.2697730e+03
   2.2727029e+03
   2.2762109e+03
   2.2771639e+03
   2.2778538e+03
   2.2818916e+03
   2.2842009e+03
   2.2862834e+03
   2.2870031e+03
   2.2900438e+03
   2.2909092e+03
   2.2945462e+03
   2.2972054e+03
   2.3006168e+03
   2.3011170e+03
   2.3022146e+03
   2.3037997e+03
   2.3068539e+03
   2.3107892e+03
   2.3152883e+03
   2.3175485e+03
   2.3193912e+03
   2.3200646e+03
   2.3205607e+03
   2.3233276e+03
   2.3247015e+03
   2.3262914e+03
   2.3287143e+03
   2.3324398e+03
   2.3349969e+03
   2.3386480e+03
   2.3404657e+03
   2.3417882e+03
   2.3440739e+03
   2.3464732e+03
   2.3516834e+03
   2.3536435e+03
   2.3546965e+03
   2.3555135e+03
   2.3569401e+03
   2.3599369e+03
   2.3629429e+03
   2.3649586e+03
   2.3654495e+03
   2.3663502e+03
   2.3688787e+03
   2.3700493e+03
   2.3738290e+03
   2.3758185e+03
   2.3798919e+03
   2.3842988e+03
   2.3858364e+03
   2.3905554e+03
   2.3946188e+03
   2.3960127e+03
   2.3997447e+03
   2.4025834e+03
   2.4034299e+03
   2.4062442e+03
   2.4105945e+03
   2.4128245e+03
   2.4168195e+03
   2.4192181e+03
   2.4227075e+03
   2.4235972e+03
   2.4269104e+03
   2.4316228e+03
   2.4326354e+03
   2.4336645e+03
   2.4382792e+03
   2.4409332e+03
   2.4442236e+03
   2.4455209e+03
   2.4505211e+03
   2.4541898e+03
   2.4569998e+03
   2.4606693e+03
   2.4639826e+03
   2.4674208e+03
   2.4680921e+03
   2.4686895e+03
   2.4703993e+03
   2.4736488e+03
   2.4758168e+03
   2.4764771e+03
   2.4818670e+03
   2.4838281e+03
   2.4894173e+03
   2.4903119e+03
   2.4915327e+03
   2.4928254e+03
   2.4951072e+03
   2.4984636e+03
   2.5029494e+03
   2.5043378e+03
   2.5075647e+03
   2.5158528e+03
   2.5171471e+03
   2.5184444e+03
   2.5221459e+03
   2.5234989e+03
